00100003000000000000000019260000000559700000004000000005876850
00100003000000000000000019270000000320000000004000000003360000
00100003000000000000000019280000001460575750004000000015336045
00100005000000000000000000450000000012760000004000000000267960
00100003000000000000000019290000000288000000004000000003024000
00100005000000000000000000460000000011876000004000000000249396
00100005000000000000000000470000000001128000004000000000023688
00100005000000000000000000480000000000973000004000000000020433
00200005000000000000000000130000000000042200004000000000000886
00100003000000000000000019300000001160168500004000000012181769
00100003000000000000000019310000001160168500004000000012181769
00600005000000000000000000070000000005584620004000000000058638
00100005000000000000000000490000000010463000004000000000219723
00100005000000000000000000500000000009501000004000000000199521
00300003000000000000000003390000000196800000004000000002066400
00300003000000000000000003400000000235200000004000000002469600
00100003000000000000000019320000000195570000004000000002053485
00100003000000000000000019330000000236915000004000000002487608
00100003000000000000000019340000000362503170004000000003806283
00100003000000000000000019350000000362494120004000000003806188
00100003000000000000000019360000000196800000004000000002066400
00100005000000000000000000510000000007310000004000000000153510
00100005000000000000000000520000000000696960004000000000014636
00300003000000000000000003410000000195570000004000000002053485
00300003000000000000000003420000000235200000004000000002469600
00300003000000000000000003430000000362503170004000000003806283
00300003000000000000000003440000000196800000004000000002066400
00100003000000000000000019370000000253923840004000000002666200
00100003000000000000000019380000004850000000004000000050925000
00100003000000000000000019390000000224542500004000000002357696
00100003000000000000000019400000000417007500004000000004378579
00100003000000000000000019410000001701355550004000000017864233
00600005000000000000000000080000000004771040004000000000050096
00300003000000000000000003450000001701355550004000000017864233
00100003000000000000000019420000000375565610004000000003943439
00100003000000000000000019430000000428803200004000000004502434
00100003000000000000000019440000000640941180004000000006729882
00100005000000000000000000530000000022082000004000000000463722
00100003000000000000000019450000001599263350004000000016792265
00100003000000000000000019460000000270200000004000000002837100
00100003000000000000000019470000000270200000004000000002837100
00100003000000000000000019480000000270200000004000000002837100
00100003000000000000000019490000001032550000004000000010841775
00100003000000000000000019500000000623529410004000000006547059
00100005000000000000000000540000000022082000004000000000463722
00100005000000000000000000550000000003187000004000000000066927
00100005000000000000000000560000000005940000004000000000124740
00300005000000000000000000050000000022082000004000000000463722
00300005000000000000000000060000000007309800004000000000153506
00100003000000000000000019510000000360181000004000000003781901
00100003000000000000000019520000000289592740004000000003040724
00100003000000000000000019530000000289592740004000000003040724
00100003000000000000000019540000000000152360004000000000003200
00100005000000000000000000570000000001782000004000000000037422
00100005000000000000000000580000000014500000004000000000304500
00100005000000000000000000590000000000100000004000000000002100
00100005000000000000000000600000000000100100004000000000002102
00300003000000000000000003460000000375565610004000000003943439
00300003000000000000000003470000000289592740004000000003040724
00300003000000000000000003480000000289592740004000000003040724
00100003000000000000000019550000000360181000004000000003781901
00600003000000000000000002010000000402714930004000000004228507
00600004000000000000000002150000000000000000003000000000000000
00100005000000000000000000610000000003729000004000000000078309
00100005000000000000000000620000000003729000004000000000078309
00100005000000000000000000630000000001327000004000000000027867
00300005000000000000000000070000000019809800004000000000416006
00300005000000000000000000080000000003729000004000000000078309
00200005000000000000000000140000000000035000004000000000000735
00200005000000000000000000150000000000035000004000000000000735
00100003000000000000000019560000000355776750004000000003735656
00100003000000000000000019570000000226625000004000000002379563
00300005000000000000000000090000000050034880004000000001050732
00200005000000000000000000160000000050034880004000000001050732
00200005000000000000000000170000000000034880004000000000000732
00200005000000000000000000180000000000034880004000000000000732
00100003000000000000000019580000000712013250004000000007476139
00100003000000000000000019590000000289500380004000000003039754
00100003000000000000000019600000000273973150004000000002876718
00100003000000000000000019610000000448175000004000000004705838
00100003000000000000000019620000000448175000004000000004705838
00300003000000000000000003490000000360181000004000000003781901
00100003000000000000000019630000001617000000004000000016978500
00100003000000000000000019640000000180995470004000000003800905
00100005000000000000000000640000000003840000004000000000080640
00100005000000000000000000650000000004785000004000000000100485
00100005000000000000000000660000000001300000004000000000027300
00100005000000000000000000670000000009348000004000000000196308
00100005000000000000000000680000000009348000004000000000196308
00100005000000000000000000690000000062044000004000000001302924
00100003000000000000000019650000000970000000004000000010185000
00100003000000000000000019660000000970000000004000000010185000
00100003000000000000000019670000000401931220004000000004220278
00100005000000000000000000700000000051275000004000000001076775
00100005000000000000000000710000000005006000004000000000105126
00300005000000000000000000100000000062044000004000000001302924
00100003000000000000000019680000000712013250004000000007476139
00300005000000000000000000110000000051275000004000000001076775
00100003000000000000000019690000000706886780004000000007422311
00100003000000000000000019700000000401931220004000000004220278
00100003000000000000000019710000000873000000004000000009166500
00100003000000000000000019720000000247968000004000000002603664
00100003000000000000000019730000000680640000004000000007146720
00100003000000000000000019740000000025943540004000000000544814
00100003000000000000000019750000000698860440004000000007338035
00100003000000000000000019760000000384615480004000000004038463
00100003000000000000000019770000000144060000004000000001512630
00100003000000000000000019780000000144060000004000000001512630
00100005000000000000000000720000000005380000004000000000112980
00100005000000000000000000730000000032058000004000000000673218
00300003000000000000000003500000000970000000004000000010185000
00300003000000000000000003510000000401931220004000000004220278
00300003000000000000000003520000000344796380004000000003620362
00300003000000000000000003530000000384615480004000000004038463
00300003000000000000000003540000000144060000004000000001512630
00300003000000000000000003550000000144060000004000000001512630
